0.0196743  0  72.982  
0.0197165  0.012066  72.989  
0.0198432  0.024132  72.996  
0.0200544  0.036198  73.003  
0.02035  0.048264  73.01  
0.0207301  0.0603299  73.017  
0.0211946  0.0723959  73.024  
0.0217436  0.0844619  73.031  
0.0223771  0.0965279  73.038  
0.023095  0.108594  73.045  
0.0238974  0.12066  73.052  
0.0247843  0.132726  73.059  
0.0257556  0.144792  73.066  
0.0268113  0.156858  73.073  
0.0279516  0.168924  73.08  
0.0291763  0.18099  73.087  
0.0304854  0.193056  73.094  
0.0318791  0.205122  73.101  
0.0333571  0.217188  73.108  
0.0349197  0.229254  73.115  
0.0365667  0.24132  73.122  
0.0382982  0.253386  73.129  
0.0401141  0.265452  73.136  
0.0420145  0.277518  73.143  
0.0439994  0.289584  73.15  
0.0460687  0.30165  73.157  
0.0482224  0.313716  73.164  
0.0504607  0.325782  73.171  
0.0527834  0.337848  73.178  
0.0551906  0.349914  73.185  
0.0576822  0.36198  73.192  
0.0602583  0.374046  73.199  
0.0629188  0.386112  73.206  
0.0656638  0.398178  73.213  
0.0684933  0.410244  73.22  
0.0714072  0.42231  73.227  
0.0744056  0.434376  73.234  
0.0774885  0.446442  73.241  
0.0806558  0.458508  73.248  
0.0839076  0.470574  73.255  
0.0872439  0.48264  73.262  
0.0906646  0.494706  73.269  
0.0941697  0.506772  73.276  
0.0977594  0.518838  73.283  
0.101433  0.530904  73.29  
0.105192  0.542969  73.297  
0.109035  0.555035  73.304  
0.112963  0.567101  73.311  
0.116974  0.579167  73.318  
0.121071  0.591233  73.325  
0.125252  0.603299  73.332  
0.129517  0.615365  73.339  
0.133867  0.627431  73.346  
0.138301  0.639497  73.353  
0.14282  0.651563  73.36  
0.147423  0.663629  73.367  
0.152111  0.675695  73.374  
0.156883  0.687761  73.381  
0.161739  0.699827  73.388  
0.16668  0.711893  73.395  
0.171706  0.723959  73.402  
0.176816  0.736025  73.409  
0.18201  0.748091  73.416  
0.187289  0.760157  73.423  
0.192652  0.772223  73.43  
0.1981  0.784289  73.437  
0.203632  0.796355  73.444  
0.209249  0.808421  73.451  
0.21495  0.820487  73.458  
0.220736  0.832553  73.465  
0.226522  0.820487  73.472  
0.232223  0.808421  73.479  
0.237839  0.796355  73.486  
0.243372  0.784289  73.493  
0.24882  0.772223  73.5  
0.254183  0.760157  73.507  
0.259462  0.748091  73.514  
0.264656  0.736025  73.521  
0.269766  0.723959  73.528  
0.274792  0.711893  73.535  
0.279733  0.699827  73.542  
0.284589  0.687761  73.549  
0.289361  0.675695  73.556  
0.294049  0.663629  73.563  
0.298652  0.651563  73.57  
0.303171  0.639497  73.577  
0.307605  0.627431  73.584  
0.311955  0.615365  73.591  
0.31622  0.603299  73.598  
0.320401  0.591233  73.605  
0.324497  0.579167  73.612  
0.328509  0.567101  73.619  
0.332437  0.555035  73.626  
0.33628  0.542969  73.633  
0.340038  0.530904  73.64  
0.343712  0.518838  73.647  
0.347302  0.506772  73.654  
0.350807  0.494706  73.661  
0.354228  0.48264  73.668  
0.357564  0.470574  73.675  
0.360816  0.458508  73.682  
0.363983  0.446442  73.689  
0.367066  0.434376  73.696  
0.370065  0.42231  73.703  
0.372979  0.410244  73.71  
0.375808  0.398178  73.717  
0.378553  0.386112  73.724  
0.381214  0.374046  73.731  
0.38379  0.36198  73.738  
0.386281  0.349914  73.745  
0.388688  0.337848  73.752  
0.391011  0.325782  73.759  
0.393249  0.313716  73.766  
0.395403  0.30165  73.773  
0.397472  0.289584  73.78  
0.399457  0.277518  73.787  
0.401358  0.265452  73.794  
0.403174  0.253386  73.801  
0.404905  0.24132  73.808  
0.406552  0.229254  73.815  
0.408115  0.217188  73.822  
0.409593  0.205122  73.829  
0.410986  0.193056  73.836  
0.412296  0.18099  73.843  
0.41352  0.168924  73.85  
0.41466  0.156858  73.857  
0.415716  0.144792  73.864  
0.416688  0.132726  73.871  
0.417574  0.12066  73.878  
0.418377  0.108594  73.885  
0.419095  0.0965279  73.892  
0.419728  0.0844619  73.899  
0.420277  0.0723959  73.906  
0.420742  0.0603299  73.913  
0.421122  0.048264  73.92  
0.421417  0.036198  73.927  
0.421629  0.024132  73.934  
0.421755  0.012066  73.941  
0.421798  0  73.948  
